[LEFT_CAM_2K]
fx=1399.96
fy=1399.96
cx=1110.11
cy=642.806
k1=-0.170774
k2=0.0279052

[RIGHT_CAM_2K]
fx=1395.37
fy=1395.37
cx=1013.57
cy=708.349
k1=-0.171082
k2=0.0277852

[STEREO]
CV_2K=0.00531891
RX_2K=-0.00271487
RZ_2K=0.000519882
BaseLine=119.807
CV_FHD=0.00531891
RX_FHD=-0.00271487
RZ_FHD=0.000519882
CV_HD=0.00531891
RX_HD=-0.00271487
RZ_HD=0.000519882
CV_VGA=0.00531891
RX_VGA=-0.00271487
RZ_VGA=0.000519882

[LEFT_CAM_FHD]
fx=1399.96
fy=1399.96
cx=966.109
cy=561.806
k1=-0.170774
k2=0.0279052

[RIGHT_CAM_FHD]
fx=1395.37
fy=1395.37
cx=869.566
cy=627.349
k1=-0.171082
k2=0.0277852

[LEFT_CAM_HD]
fx=699.981
fy=699.981
cx=641.554
cy=369.403
k1=-0.170774
k2=0.0279052

[RIGHT_CAM_HD]
fx=697.683
fy=697.683
cx=593.283
cy=402.174
k1=-0.171082
k2=0.0277852

[LEFT_CAM_VGA]
fx=349.991
fy=349.991
cx=335.777
cy=191.702
k1=-0.170774
k2=0.0279052

[RIGHT_CAM_VGA]
fx=348.842
fy=348.842
cx=311.641
cy=208.087
k1=-0.171082
k2=0.0277852
